Ant algorithm
Start
Pheromones matrix:
0.000000 0.000000 0.000000 0.000000 10.000000 0.000000 10.000000 10.000000 10.000000 0.000000 10.000000 10.000000 10.000000 
0.000000 0.000000 10.000000 10.000000 0.000000 0.000000 0.000000 10.000000 10.000000 10.000000 10.000000 0.000000 10.000000 
0.000000 10.000000 0.000000 0.000000 10.000000 10.000000 0.000000 0.000000 0.000000 10.000000 0.000000 10.000000 0.000000 
0.000000 10.000000 0.000000 0.000000 10.000000 10.000000 10.000000 10.000000 0.000000 10.000000 10.000000 10.000000 0.000000 
10.000000 0.000000 10.000000 10.000000 0.000000 10.000000 0.000000 10.000000 0.000000 10.000000 10.000000 0.000000 10.000000 
0.000000 0.000000 10.000000 10.000000 10.000000 0.000000 0.000000 10.000000 10.000000 10.000000 10.000000 10.000000 10.000000 
10.000000 0.000000 0.000000 10.000000 0.000000 0.000000 0.000000 0.000000 10.000000 10.000000 0.000000 10.000000 10.000000 
10.000000 10.000000 0.000000 10.000000 10.000000 10.000000 0.000000 0.000000 10.000000 10.000000 10.000000 10.000000 0.000000 
10.000000 10.000000 0.000000 0.000000 0.000000 10.000000 10.000000 10.000000 0.000000 10.000000 0.000000 10.000000 0.000000 
0.000000 10.000000 10.000000 10.000000 10.000000 10.000000 10.000000 10.000000 10.000000 0.000000 10.000000 10.000000 10.000000 
10.000000 10.000000 0.000000 10.000000 10.000000 10.000000 0.000000 10.000000 0.000000 10.000000 0.000000 10.000000 10.000000 
10.000000 0.000000 10.000000 10.000000 0.000000 10.000000 10.000000 10.000000 10.000000 10.000000 10.000000 0.000000 10.000000 
10.000000 10.000000 0.000000 0.000000 10.000000 10.000000 10.000000 0.000000 0.000000 10.000000 10.000000 10.000000 0.000000 
Path ant num.0:5 9 4 2 11 12 10 3 1 8 7 
Path ant num.1:5 8 11 9 4 10 0 12 1 3 7 
Path ant num.2:5 9 7 
Path ant num.3:5 2 11 9 3 7 
Path ant num.4:5 2 9 1 12 6 11 7 
Path ant num.5:5 7 
Path ant num.6:5 9 7 
Path ant num.7:5 12 9 1 2 11 0 4 3 10 7 
Path ant num.8:5 10 3 1 9 4 2 11 12 6 0 7 
Path ant num.9:5 8 1 3 6 0 12 11 9 7 
Path ant num.10:5 4 2 9 12 10 1 8 11 0 7 
Path ant num.11:5 7 
Path ant num.12:5 10 7 
Path ant num.13:5 4 12 10 11 6 3 1 7 
Path ant num.14:5 3 7 
Path ant num.15:5 4 12 11 10 0 6 8 7 
Path ant num.16:5 2 11 10 4 3 6 12 1 9 7 
Path ant num.17:5 2 11 7 
Path ant num.18:5 8 7 
Path ant num.19:5 3 6 12 4 7 
Path ant num.20:5 10 4 2 1 7 
Path ant num.21:5 9 11 2 4 10 12 0 6 8 7 
Path ant num.22:5 12 4 10 11 0 8 7 
Path ant num.23:5 4 10 0 12 6 3 1 9 7 
Path ant num.24:5 11 2 4 12 9 1 10 7 
Path ant num.25:5 10 9 6 8 1 2 11 3 7 
Path ant num.26:5 12 6 8 9 4 2 11 10 0 7 
Path ant num.27:5 11 6 0 7 
Path ant num.28:5 9 7 
Path ant num.29:5 11 12 4 0 10 3 6 9 7 
Path ant num.30:5 10 0 12 1 8 11 9 3 6 
Path ant num.31:5 3 6 11 0 4 12 10 9 7 
Path ant num.32:5 8 6 3 11 0 4 7 
Path ant num.33:5 3 4 2 9 7 
Path ant num.34:5 2 11 8 0 6 9 7 
Path ant num.35:5 10 7 
Path ant num.36:5 9 3 1 2 11 6 8 7 
Path ant num.37:5 11 3 6 8 9 10 7 
Path ant num.38:5 9 1 2 4 10 11 3 7 
Path ant num.39:5 7 
Path ant num.40:5 8 9 1 3 11 2 4 10 0 6 12 
Path ant num.41:5 3 7 
Path ant num.42:5 3 10 4 12 9 7 
Path ant num.43:5 3 6 8 9 12 11 10 4 0 7 
Path ant num.44:5 4 2 9 3 6 0 10 11 12 1 8 7 
Path ant num.45:5 2 11 6 0 4 12 9 3 1 10 7 
Path ant num.46:5 4 3 6 9 12 11 0 10 1 7 
Path ant num.47:5 8 6 0 12 10 9 4 7 
Path ant num.48:5 10 7 
Path ant num.49:5 12 0 10 4 9 3 6 8 7 
Path ant num.50:5 2 1 9 11 10 3 7 
Path ant num.51:5 9 1 7 
Path ant num.52:5 2 4 12 9 7 
Path ant num.53:5 7 
Path ant num.54:5 10 1 7 
Path ant num.55:5 11 10 9 7 
Path ant num.56:5 8 6 3 7 
Path ant num.57:5 8 11 3 6 9 12 0 10 4 2 1 7 
Path ant num.58:5 10 12 0 7 
Path ant num.59:5 4 12 10 11 3 9 6 0 7 
Path ant num.60:5 8 9 4 0 7 
Path ant num.61:5 2 1 9 11 6 0 8 7 
Path ant num.62:5 10 4 2 1 7 
Path ant num.63:5 9 4 2 11 12 0 7 
Path ant num.64:5 3 1 8 0 11 6 12 9 4 2 
Path ant num.65:5 2 4 9 10 1 12 11 3 7 
Path ant num.66:5 7 
Path ant num.67:5 10 4 0 12 9 11 3 7 
Path ant num.68:5 11 6 8 1 7 
Path ant num.69:5 4 2 9 11 8 7 
Path ant num.70:5 9 7 
Path ant num.71:5 8 6 3 4 7 
Path ant num.72:5 9 7 
Path ant num.73:5 8 0 10 7 
Path ant num.74:5 8 0 6 11 9 4 2 1 10 7 
Path ant num.75:5 8 7 
Path ant num.76:5 3 6 12 9 4 7 
Path ant num.77:5 3 1 8 6 0 11 12 9 7 
Path ant num.78:5 11 10 3 7 
Path ant num.79:5 12 1 3 7 
Path ant num.80:5 4 9 6 3 7 
Path ant num.81:5 12 9 4 0 6 3 10 11 2 1 8 7 
Path ant num.82:5 12 1 3 10 11 2 4 0 8 9 6 
Path ant num.83:5 4 10 11 12 6 0 8 7 
Path ant num.84:5 2 1 10 9 7 
Path ant num.85:5 2 1 3 11 10 12 6 0 8 9 7 
Path ant num.86:5 4 7 
Path ant num.87:5 10 4 12 9 11 8 6 3 1 7 
Path ant num.88:5 2 11 8 0 4 7 
Path ant num.89:5 10 1 7 
Path ant num.90:5 2 11 3 7 
Path ant num.91:5 4 7 
Path ant num.92:5 2 4 10 1 9 6 8 7 
Path ant num.93:5 2 4 10 3 1 12 0 7 
Path ant num.94:5 12 11 10 4 3 1 7 
Path ant num.95:5 8 9 1 2 11 10 3 4 7 
Path ant num.96:5 2 9 3 6 12 4 7 
Path ant num.97:5 2 4 12 0 10 1 8 11 6 9 7 
Path ant num.98:5 7 
Path ant num.99:5 2 11 8 1 7 
AFTER ITERATION:0
Pheromones matrix:
0.000000 0.000000 0.000000 0.000000 10.226139 0.000000 10.146626 10.443655 10.072832 0.000000 10.256826 9.948780 10.092043 
0.000000 0.000000 10.083586 10.097564 0.000000 0.000000 0.000000 10.752335 10.118536 10.124238 10.118727 0.000000 10.018312 
0.000000 10.283730 0.000000 0.000000 10.272616 9.900000 0.000000 0.000000 0.000000 10.207123 0.000000 10.944647 0.000000 
0.000000 10.319703 0.000000 0.000000 10.156969 9.900000 10.555951 11.471559 0.000000 9.955555 10.019272 10.012130 0.000000 
10.146359 0.000000 10.370753 10.058603 0.000000 9.900000 0.000000 11.320257 0.000000 10.063736 10.201782 0.000000 10.488111 
0.000000 0.000000 11.235736 10.811589 11.172041 0.000000 0.000000 10.921276 11.435110 10.711036 10.778444 10.514682 10.220159 
10.452839 0.000000 0.000000 10.688561 0.000000 0.000000 0.000000 0.000000 10.382880 10.121152 0.000000 10.014041 10.175014 
9.900000 9.900000 0.000000 9.900000 9.900000 9.900000 0.000000 0.000000 9.900000 9.900000 9.900000 9.900000 0.000000 
10.258627 10.163687 0.000000 0.000000 0.000000 9.900000 10.577392 10.971302 0.000000 10.203113 0.000000 10.030828 0.000000 
0.000000 10.195974 9.900000 10.255602 10.335624 9.900000 10.117537 11.240346 9.900000 0.000000 10.002481 10.146308 10.060388 
10.080900 10.350387 0.000000 10.262282 10.316320 9.900000 0.000000 10.600158 0.000000 10.228483 0.000000 10.221908 10.022530 
10.191706 0.000000 10.018041 10.316936 0.000000 9.900000 10.326457 10.079185 10.295589 10.113449 10.520456 0.000000 10.174199 
10.156468 10.099817 0.000000 0.000000 10.169893 9.900000 10.110526 0.000000 0.000000 10.426373 10.184980 10.202698 0.000000 
Path ant num.0:5 7 
Path ant num.1:5 8 0 6 9 3 11 10 1 7 
Path ant num.2:5 4 3 10 12 1 9 6 8 0 7 
Path ant num.3:5 2 11 8 7 
Path ant num.4:5 8 9 10 4 2 1 12 6 11 7 
Path ant num.5:5 11 6 12 4 7 
Path ant num.6:5 8 11 9 3 7 
Path ant num.7:5 2 4 3 7 
Path ant num.8:5 2 9 10 3 11 8 6 12 1 7 
Path ant num.9:5 10 11 9 12 4 3 7 
Path ant num.10:5 4 2 11 9 10 3 7 
Path ant num.11:5 8 6 3 7 
Path ant num.12:5 8 0 7 
Path ant num.13:5 3 4 2 9 7 
Path ant num.14:5 11 2 1 10 9 12 6 8 0 7 
Path ant num.15:5 12 11 7 
Path ant num.16:5 9 3 6 0 10 12 4 2 11 7 
Path ant num.17:5 12 6 0 11 7 
Path ant num.18:5 12 1 8 9 7 
Path ant num.19:5 3 4 2 1 8 0 10 11 6 9 7 
Path ant num.20:5 9 12 0 4 10 11 7 
Path ant num.21:5 10 1 2 11 9 12 6 3 4 0 8 7 
Path ant num.22:5 2 11 3 4 12 1 7 
Path ant num.23:5 8 7 
Path ant num.24:5 11 7 
Path ant num.25:5 4 7 
Path ant num.26:5 2 9 3 11 10 7 
Path ant num.27:5 3 4 2 9 10 11 7 
Path ant num.28:5 10 3 11 8 0 6 9 4 7 
Path ant num.29:5 9 3 10 1 12 6 8 0 7 
Path ant num.30:5 2 1 9 6 12 4 10 0 11 3 7 
Path ant num.31:5 12 0 7 
Path ant num.32:5 8 1 2 9 7 
Path ant num.33:5 4 0 7 
Path ant num.34:5 10 11 6 9 4 7 
Path ant num.35:5 8 11 6 12 1 3 7 
Path ant num.36:5 7 
Path ant num.37:5 3 10 9 4 2 11 8 1 12 6 0 7 
Path ant num.38:5 11 2 4 7 
Path ant num.39:5 12 4 9 6 8 11 3 1 7 
Path ant num.40:5 3 9 10 1 7 
Path ant num.41:5 10 11 2 9 8 7 
Path ant num.42:5 4 9 10 11 8 1 2 
Path ant num.43:5 2 11 12 0 4 7 
Path ant num.44:5 10 9 4 3 6 8 1 2 11 12 0 7 
Path ant num.45:5 4 12 9 2 11 6 3 7 
Path ant num.46:5 4 7 
Path ant num.47:5 9 8 7 
Path ant num.48:5 11 9 1 7 
Path ant num.49:5 7 
Path ant num.50:5 10 4 3 11 9 2 1 7 
Path ant num.51:5 8 11 6 0 7 
Path ant num.52:5 9 12 11 6 0 7 
Path ant num.53:5 12 1 2 4 0 8 6 11 10 3 7 
Path ant num.54:5 9 2 11 7 
Path ant num.55:5 9 11 7 
Path ant num.56:5 11 9 12 1 7 
Path ant num.57:5 3 6 0 12 9 8 1 7 
Path ant num.58:5 7 
Path ant num.59:5 3 10 0 4 12 11 7 
Path ant num.60:5 7 
Path ant num.61:5 11 8 0 6 12 4 7 
Path ant num.62:5 10 9 12 1 8 0 6 3 11 7 
Path ant num.63:5 3 6 8 9 12 11 10 1 2 4 0 7 
Path ant num.64:5 4 2 1 3 7 
Path ant num.65:5 7 
Path ant num.66:5 3 4 10 12 11 6 0 8 7 
Path ant num.67:5 9 11 10 0 4 7 
Path ant num.68:5 3 11 9 7 
Path ant num.69:5 8 1 12 4 3 7 
Path ant num.70:5 8 0 6 9 7 
Path ant num.71:5 12 11 6 8 7 
Path ant num.72:5 12 11 7 
Path ant num.73:5 3 10 1 2 11 8 0 7 
Path ant num.74:5 10 4 7 
Path ant num.75:5 10 4 0 8 11 12 6 3 1 7 
Path ant num.76:5 4 2 1 3 11 8 6 12 9 7 
Path ant num.77:5 2 4 12 1 10 11 9 8 6 0 7 
Path ant num.78:5 4 9 2 1 12 11 8 6 0 10 3 7 
Path ant num.79:5 3 1 12 9 6 11 10 0 7 
Path ant num.80:5 12 4 9 6 11 7 
Path ant num.81:5 2 9 6 0 11 3 7 
Path ant num.82:5 2 4 9 11 7 
Path ant num.83:5 7 
Path ant num.84:5 11 8 1 10 7 
Path ant num.85:5 8 6 11 3 10 9 1 2 4 12 0 7 
Path ant num.86:5 3 1 12 6 11 2 9 8 0 10 7 
Path ant num.87:5 8 6 0 11 10 7 
Path ant num.88:5 10 7 
Path ant num.89:5 4 7 
Path ant num.90:5 8 11 12 10 3 7 
Path ant num.91:5 7 
Path ant num.92:5 8 0 7 
Path ant num.93:5 8 1 12 6 3 7 
Path ant num.94:5 9 3 10 4 2 1 12 6 8 0 7 
Path ant num.95:5 7 
Path ant num.96:5 3 7 
Path ant num.97:5 3 6 11 2 9 7 
Path ant num.98:5 11 6 3 1 9 7 
Path ant num.99:5 7 
AFTER ITERATION:1
Pheromones matrix:
0.000000 0.000000 0.000000 0.000000 10.346567 0.000000 10.371802 11.744953 10.103551 0.000000 10.289404 10.089603 10.044456 
0.000000 0.000000 10.245465 10.155409 0.000000 0.000000 0.000000 11.272712 10.140630 10.146844 10.195004 0.000000 10.323828 
0.000000 10.506472 0.000000 0.000000 10.597099 9.801000 0.000000 0.000000 0.000000 10.583239 0.000000 11.481775 0.000000 
0.000000 10.425441 0.000000 0.000000 10.328588 9.801000 10.667264 12.823375 0.000000 9.964108 10.180945 10.287164 0.000000 
10.363563 0.000000 10.677166 10.328417 0.000000 9.801000 0.000000 12.884354 0.000000 10.132428 10.204072 0.000000 10.654208 
0.000000 0.000000 11.811370 11.643608 12.633554 0.000000 0.000000 12.514191 13.342056 11.100951 11.240924 11.236665 10.610016 
10.963685 0.000000 0.000000 11.185688 0.000000 0.000000 0.000000 0.000000 10.591293 10.294717 0.000000 10.169703 10.387291 
9.801000 9.801000 0.000000 9.801000 9.801000 9.801000 0.000000 0.000000 9.801000 9.801000 9.801000 9.801000 0.000000 
11.315006 10.489159 0.000000 0.000000 0.000000 9.801000 11.078238 11.543124 0.000000 10.218976 0.000000 10.334036 0.000000 
0.000000 10.205514 10.004099 10.506422 10.374566 9.801000 10.267114 11.636380 10.079427 0.000000 10.168276 10.227702 10.378467 
10.167728 10.577734 0.000000 10.416158 10.416852 9.801000 0.000000 10.892264 0.000000 10.294580 0.000000 10.454975 10.038504 
10.089788 0.000000 10.231484 10.441181 0.000000 9.801000 10.808932 10.821984 10.721582 10.587375 10.828664 0.000000 10.271203 
10.289564 10.474571 0.000000 0.000000 10.546981 9.801000 10.399029 0.000000 0.000000 10.524753 10.151507 10.520573 0.000000 
Path ant num.0:5 2 11 3 7 
Path ant num.1:5 9 7 
Path ant num.2:5 12 6 0 4 10 3 1 7 
Path ant num.3:5 12 1 3 11 10 4 7 
Path ant num.4:5 10 11 9 1 7 
Path ant num.5:5 10 11 6 12 1 7 
Path ant num.6:5 10 11 8 1 12 0 7 
Path ant num.7:5 2 1 8 7 
Path ant num.8:5 12 0 7 
Path ant num.9:5 8 7 
Path ant num.10:5 2 9 7 
Path ant num.11:5 4 9 3 11 0 12 6 8 7 
Path ant num.12:5 10 12 9 11 3 7 
Path ant num.13:5 2 11 8 6 12 0 10 3 1 9 4 7 
Path ant num.14:5 11 12 6 9 3 4 10 7 
Path ant num.15:5 9 11 10 3 7 
Path ant num.16:5 7 
Path ant num.17:5 7 
Path ant num.18:5 7 
Path ant num.19:5 9 11 8 6 0 4 12 1 3 7 
Path ant num.20:5 3 7 
Path ant num.21:5 7 
Path ant num.22:5 2 11 8 0 6 12 1 9 7 
Path ant num.23:5 10 0 12 9 2 11 7 
Path ant num.24:5 11 2 9 7 
Path ant num.25:5 9 7 
Path ant num.26:5 8 7 
Path ant num.27:5 9 6 3 10 0 4 12 11 2 1 8 7 
Path ant num.28:5 9 3 7 
Path ant num.29:5 11 10 0 4 2 1 9 8 7 
Path ant num.30:5 9 3 6 11 12 0 4 2 1 7 
Path ant num.31:5 7 
Path ant num.32:5 12 9 6 8 1 2 4 3 7 
Path ant num.33:5 10 7 
Path ant num.34:5 4 10 0 7 
Path ant num.35:5 7 
Path ant num.36:5 12 11 8 9 10 1 2 4 0 7 
Path ant num.37:5 8 7 
Path ant num.38:5 12 1 3 7 
Path ant num.39:5 2 11 8 9 10 3 7 
Path ant num.40:5 12 4 7 
Path ant num.41:5 3 10 12 0 6 9 8 1 2 11 7 
Path ant num.42:5 8 0 11 12 4 9 7 
Path ant num.43:5 3 7 
Path ant num.44:5 3 7 
Path ant num.45:5 11 3 9 1 10 4 7 
Path ant num.46:5 12 0 11 10 7 
Path ant num.47:5 11 6 3 7 
Path ant num.48:5 2 9 1 7 
Path ant num.49:5 4 0 6 3 9 7 
Path ant num.50:5 8 11 2 9 4 7 
Path ant num.51:5 11 0 4 9 2 1 7 
Path ant num.52:5 3 4 9 2 11 8 1 10 12 6 0 7 
Path ant num.53:5 12 1 2 11 9 7 
Path ant num.54:5 10 3 4 2 9 6 11 0 8 7 
Path ant num.55:5 9 3 6 11 7 
Path ant num.56:5 11 12 4 3 9 7 
Path ant num.57:5 4 2 9 10 0 7 
Path ant num.58:5 12 1 2 9 10 4 3 6 11 7 
Path ant num.59:5 11 2 9 7 
Path ant num.60:5 11 8 9 1 7 
Path ant num.61:5 9 1 12 4 2 11 7 
Path ant num.62:5 2 11 7 
Path ant num.63:5 10 7 
Path ant num.64:5 7 
Path ant num.65:5 11 12 4 9 10 3 6 8 0 7 
Path ant num.66:5 2 11 9 1 7 
Path ant num.67:5 9 7 
Path ant num.68:5 9 10 4 0 7 
Path ant num.69:5 11 7 
Path ant num.70:5 10 1 3 7 
Path ant num.71:5 8 7 
Path ant num.72:5 7 
Path ant num.73:5 4 3 10 11 8 0 12 1 2 9 7 
Path ant num.74:5 11 12 4 10 7 
Path ant num.75:5 12 0 11 8 9 3 6 
Path ant num.76:5 3 7 
Path ant num.77:5 2 9 4 7 
Path ant num.78:5 9 11 8 6 3 10 7 
Path ant num.79:5 4 3 6 0 12 1 8 11 7 
Path ant num.80:5 9 8 6 12 11 7 
Path ant num.81:5 11 6 12 4 7 
Path ant num.82:5 2 9 12 10 1 7 
Path ant num.83:5 7 
Path ant num.84:5 12 9 7 
Path ant num.85:5 12 4 7 
Path ant num.86:5 7 
Path ant num.87:5 12 1 3 7 
Path ant num.88:5 11 0 7 
Path ant num.89:5 2 11 3 7 
Path ant num.90:5 9 7 
Path ant num.91:5 4 9 11 12 10 0 8 6 3 7 
Path ant num.92:5 8 7 
Path ant num.93:5 8 0 10 7 
Path ant num.94:5 3 9 4 7 
Path ant num.95:5 7 
Path ant num.96:5 4 10 1 2 11 7 
Path ant num.97:5 4 2 1 10 0 8 6 11 3 9 12 
Path ant num.98:5 3 7 
Path ant num.99:5 2 9 6 3 1 8 7 
AFTER ITERATION:2
Pheromones matrix:
0.000000 0.000000 0.000000 0.000000 10.478329 0.000000 10.447126 12.246909 10.074018 0.000000 10.348934 10.104506 10.094434 
0.000000 0.000000 10.387446 10.435858 0.000000 0.000000 0.000000 11.749213 10.249178 10.161526 10.177279 0.000000 10.313125 
0.000000 10.635119 0.000000 0.000000 10.559047 9.702990 0.000000 0.000000 0.000000 11.404144 0.000000 12.223086 0.000000 
0.000000 10.442585 0.000000 0.000000 10.318854 9.702990 10.768866 15.060192 0.000000 10.221585 10.208368 10.264194 0.000000 
10.457937 0.000000 10.777457 10.442518 0.000000 9.702990 0.000000 13.553082 0.000000 10.307462 10.386129 0.000000 10.624722 
0.000000 0.000000 12.887220 12.947309 12.971293 0.000000 0.000000 14.261389 14.867429 11.986592 11.734848 12.336717 11.417211 
11.011537 0.000000 0.000000 11.476982 0.000000 0.000000 0.000000 0.000000 10.605599 10.252800 0.000000 10.210845 10.526657 
9.702990 9.702990 0.000000 9.702990 9.702990 9.702990 0.000000 0.000000 9.702990 9.702990 9.702990 9.702990 0.000000 
11.528049 10.522853 0.000000 0.000000 0.000000 9.702990 11.177167 13.076344 0.000000 10.300901 0.000000 10.354434 0.000000 
0.000000 10.532372 10.030358 10.700391 10.608506 9.702990 10.311661 12.761499 10.087193 0.000000 10.365940 10.374900 10.366636 
10.378250 10.750642 0.000000 10.581112 10.497668 9.702990 0.000000 11.341383 0.000000 10.191634 0.000000 10.538563 10.045918 
10.272882 0.000000 10.441905 10.700473 0.000000 9.702990 10.947766 11.359999 11.076332 10.663717 10.917523 0.000000 10.546345 
10.442610 10.887062 0.000000 0.000000 11.115609 9.702990 10.431839 0.000000 0.000000 10.649096 10.186146 10.519702 0.000000 
Path ant num.0:5 10 9 7 
Path ant num.1:5 4 7 
Path ant num.2:5 4 10 11 7 
Path ant num.3:5 10 7 
Path ant num.4:5 12 9 1 7 
Path ant num.5:5 10 1 9 3 6 0 7 
Path ant num.6:5 8 11 10 1 12 4 0 6 3 9 7 
Path ant num.7:5 3 1 7 
Path ant num.8:5 11 0 4 10 9 12 6 3 1 2 
Path ant num.9:5 9 12 0 4 2 11 6 3 1 7 
Path ant num.10:5 10 4 2 9 1 12 6 8 7 
Path ant num.11:5 8 11 7 
Path ant num.12:5 4 2 9 7 
Path ant num.13:5 11 8 9 7 
Path ant num.14:5 11 0 7 
Path ant num.15:5 4 7 
Path ant num.16:5 4 12 1 10 3 9 11 6 8 0 7 
Path ant num.17:5 12 11 9 1 2 4 0 10 7 
Path ant num.18:5 8 6 12 9 7 
Path ant num.19:5 3 1 7 
Path ant num.20:5 10 1 7 
Path ant num.21:5 8 9 3 7 
Path ant num.22:5 7 
Path ant num.23:5 10 7 
Path ant num.24:5 3 7 
Path ant num.25:5 2 11 3 1 8 9 12 10 4 0 7 
Path ant num.26:5 2 1 7 
Path ant num.27:5 4 2 1 12 9 3 10 11 6 0 7 
Path ant num.28:5 3 7 
Path ant num.29:5 4 0 6 3 7 
Path ant num.30:5 8 11 2 9 12 0 10 7 
Path ant num.31:5 4 12 9 11 8 7 
Path ant num.32:5 3 10 0 7 
Path ant num.33:5 7 
Path ant num.34:5 2 9 3 1 7 
Path ant num.35:5 8 11 6 0 10 12 4 3 7 
Path ant num.36:5 11 6 8 7 
Path ant num.37:5 10 12 4 3 7 
Path ant num.38:5 2 4 0 6 11 10 9 7 
Path ant num.39:5 11 10 12 6 9 4 7 
Path ant num.40:5 7 
Path ant num.41:5 3 11 12 9 6 0 8 7 
Path ant num.42:5 3 7 
Path ant num.43:5 3 11 0 6 8 1 9 12 10 4 2 
Path ant num.44:5 7 
Path ant num.45:5 3 11 10 1 12 6 0 7 
Path ant num.46:5 8 11 9 3 6 12 10 1 7 
Path ant num.47:5 8 9 10 0 7 
Path ant num.48:5 7 
Path ant num.49:5 10 9 6 11 3 4 7 
Path ant num.50:5 4 7 
Path ant num.51:5 3 1 7 
Path ant num.52:5 12 10 9 3 7 
Path ant num.53:5 8 11 12 9 6 3 7 
Path ant num.54:5 3 7 
Path ant num.55:5 8 9 3 1 12 6 0 11 10 7 
Path ant num.56:5 11 2 4 10 9 3 7 
Path ant num.57:5 10 1 9 3 6 12 0 8 7 
Path ant num.58:5 3 11 10 7 
Path ant num.59:5 8 9 7 
Path ant num.60:5 7 
Path ant num.61:5 8 0 4 12 1 3 6 11 10 7 
Path ant num.62:5 2 11 6 12 1 7 
Path ant num.63:5 11 12 9 4 2 1 3 6 8 0 7 
Path ant num.64:5 4 12 10 11 7 
Path ant num.65:5 4 7 
Path ant num.66:5 11 8 9 2 4 7 
Path ant num.67:5 9 7 
Path ant num.68:5 2 11 6 0 12 10 7 
Path ant num.69:5 2 11 9 4 12 10 1 7 
Path ant num.70:5 12 4 7 
Path ant num.71:5 9 1 7 
Path ant num.72:5 4 10 0 8 9 11 2 1 7 
Path ant num.73:5 10 9 1 3 7 
Path ant num.74:5 3 10 9 1 2 11 8 6 0 4 12 
Path ant num.75:5 12 11 7 
Path ant num.76:5 8 0 11 3 6 9 4 7 
Path ant num.77:5 11 6 9 7 
Path ant num.78:5 9 7 
Path ant num.79:5 12 11 7 
Path ant num.80:5 3 6 9 7 
Path ant num.81:5 10 1 9 11 3 4 12 0 8 6 
Path ant num.82:5 4 12 0 7 
Path ant num.83:5 11 2 9 4 3 1 12 0 7 
Path ant num.84:5 7 
Path ant num.85:5 12 10 7 
Path ant num.86:5 7 
Path ant num.87:5 12 6 9 10 3 1 2 4 7 
Path ant num.88:5 3 10 7 
Path ant num.89:5 4 2 11 10 0 6 3 1 12 9 7 
Path ant num.90:5 10 3 7 
Path ant num.91:5 7 
Path ant num.92:5 7 
Path ant num.93:5 12 6 3 7 
Path ant num.94:5 10 0 6 9 3 7 
Path ant num.95:5 10 0 6 3 7 
Path ant num.96:5 10 4 2 11 12 9 6 8 0 7 
Path ant num.97:5 10 9 8 7 
Path ant num.98:5 12 6 8 1 9 2 4 0 11 10 7 
Path ant num.99:5 8 7 
AFTER ITERATION:3
Pheromones matrix:
0.000000 0.000000 0.000000 0.000000 10.461425 0.000000 10.873368 12.937334 10.097430 0.000000 10.382306 10.127137 10.040273 
0.000000 0.000000 10.340615 10.494972 0.000000 0.000000 0.000000 12.883707 10.181469 10.192196 10.115911 0.000000 10.529679 
0.000000 10.787757 0.000000 0.000000 10.714027 9.605960 0.000000 0.000000 0.000000 11.604594 0.000000 12.417390 0.000000 
0.000000 11.140784 0.000000 0.000000 10.254882 9.605960 11.043288 17.041279 0.000000 10.227571 10.319167 10.343818 0.000000 
10.739867 0.000000 10.972109 10.517064 0.000000 9.605960 0.000000 15.251177 0.000000 10.204388 10.457040 0.000000 10.948702 
0.000000 0.000000 13.267049 14.711251 15.072876 0.000000 0.000000 15.820903 16.081409 12.213117 12.766051 12.904000 11.986773 
11.257194 0.000000 0.000000 11.958557 0.000000 0.000000 0.000000 0.000000 10.768189 10.503718 0.000000 10.252276 10.648689 
9.605960 9.605960 0.000000 9.605960 9.605960 9.605960 0.000000 0.000000 9.605960 9.605960 9.605960 9.605960 0.000000 
11.635096 10.444470 0.000000 0.000000 0.000000 9.605960 11.150502 13.589664 0.000000 10.892570 0.000000 10.691863 0.000000 
0.000000 10.732228 10.024127 11.329531 10.741997 9.605960 10.412543 13.653096 10.060394 0.000000 10.391915 10.432306 10.382573 
10.737406 11.095800 0.000000 10.639312 10.491669 9.605960 0.000000 11.945797 0.000000 10.545085 0.000000 10.640907 10.132601 
10.340366 0.000000 10.525829 10.720098 0.000000 9.605960 11.277697 11.700478 11.215270 10.689550 11.282560 0.000000 10.646481 
10.603384 10.931546 0.000000 0.000000 11.353470 9.605960 10.631230 0.000000 0.000000 11.087928 10.513628 10.588634 0.000000 
Min Path:5 4 7 
Min Length:22
